lhs
5 0 3 3 7 9 3 5 2 4
7 6 8 8 1 6 7 7 8 1
5 9 8 9 4 3 0 3 5 0
2 3 8 1 3 3 3 7 0 1
9 9 0 4 7 3 2 7 2 0
0 4 5 5 6 8 4 1 4 9
8 1 1 7 9 9 3 6 7 2
0 3 5 9 4 4 6 4 4 3
4 4 8 4 3 7 5 5 0 1
5 9 3 0 5 0 1 2 4 2
rhs
0 3 2 0 7 5 9 0 2 7
2 9 2 3 3 2 3 4 1 2
9 1 4 6 8 2 3 0 0 6
0 6 3 3 8 8 8 2 3 2
0 8 8 3 8 2 8 4 3 0
4 3 6 9 8 0 8 5 9 0
9 6 5 3 1 8 0 4 9 6
5 7 8 8 9 2 8 6 6 9
1 6 8 8 3 2 3 6 3 6
5 7 0 8 4 6 5 8 2 3
res
5 3 5 3 14 14 12 5 4 11
9 15 10 11 4 8 10 11 9 3
14 10 12 15 12 5 3 3 5 6
2 9 11 4 11 11 11 9 3 3
9 17 8 7 15 5 10 11 5 0
4 7 11 14 14 8 12 6 13 9
17 7 6 10 10 17 3 10 16 8
5 10 13 17 13 6 14 10 10 12
5 10 16 12 6 9 8 11 3 7
10 16 3 8 9 6 6 10 6 5