lhs
5 0 3 3 7 9 3 5 2 4
7 6 8 8 1 6 7 7 8 1
5 9 8 9 4 3 0 3 5 0
2 3 8 1 3 3 3 7 0 1
9 9 0 4 7 3 2 7 2 0
0 4 5 5 6 8 4 1 4 9
8 1 1 7 9 9 3 6 7 2
0 3 5 9 4 4 6 4 4 3
4 4 8 4 3 7 5 5 0 1
5 9 3 0 5 0 1 2 4 2
rhs
9 7 5 3 4 5 3 3 7 9
9 9 7 3 2 3 9 7 7 5
1 2 2 8 1 5 8 4 0 2
5 5 0 8 1 1 0 3 8 8
4 4 0 9 3 7 3 2 1 1
2 1 4 2 5 5 5 2 5 7
7 6 1 6 7 2 3 1 9 5
9 9 2 0 9 1 9 0 6 0
4 8 4 3 3 8 8 7 0 3
8 7 7 1 8 4 7 0 4 9
res
215 200 116 172 196 180 203 85 184 202
333 345 177 255 233 227 327 196 295 284
248 263 142 235 124 187 254 186 207 218
168 165 83 139 139 113 200 77 134 105
301 286 144 173 177 167 229 138 240 202
231 231 155 207 197 201 250 123 192 245
290 289 142 231 226 239 246 144 244 261
219 227 98 216 166 151 206 118 207 198
214 201 114 192 168 151 223 109 205 190
206 212 129 131 109 146 202 129 132 136