lhs
0 3 2 0 7 5 9 0 2 7
2 9 2 3 3 2 3 4 1 2
9 1 4 6 8 2 3 0 0 6
0 6 3 3 8 8 8 2 3 2
0 8 8 3 8 2 8 4 3 0
4 3 6 9 8 0 8 5 9 0
9 6 5 3 1 8 0 4 9 6
5 7 8 8 9 2 8 6 6 9
1 6 8 8 3 2 3 6 3 6
5 7 0 8 4 6 5 8 2 3
rhs
9 7 5 3 4 5 3 3 7 9
9 9 7 3 2 3 9 7 7 5
1 2 2 8 1 5 8 4 0 2
5 5 0 8 1 1 0 3 8 8
4 4 0 9 3 7 3 2 1 1
2 1 4 2 5 5 5 2 5 7
7 6 1 6 7 2 3 1 9 5
9 9 2 0 9 1 9 0 6 0
4 8 4 3 3 8 8 7 0 3
8 7 7 1 8 4 7 0 4 9
res
0 21 10 0 28 25 27 0 14 63
18 81 14 9 6 6 27 28 7 10
9 2 8 48 8 10 24 0 0 12
0 30 0 24 8 8 0 6 24 16
0 32 0 27 24 14 24 8 3 0
8 3 24 18 40 0 40 10 45 0
63 36 5 18 7 16 0 4 81 30
45 63 16 0 81 2 72 0 36 0
4 48 32 24 9 16 24 42 0 18
40 49 0 8 32 24 35 0 8 27